41.7605849 -88.3200715
40.9312099 -73.8987469
41.0814447 -81.5190053
33.6602970 -117.9992265
34.7464809 -92.2895948
33.4734978 -82.0105148
35.2219971 -101.8312969
34.1425078 -118.255075
30.6953657 -88.0398912
42.9633599 -85.6680863
40.7607793 -111.8910474
30.4382559 -84.2807329
34.7303688 -86.5861037
32.7459645 -96.9977846
35.9606384 -83.9207392
42.2625932 -71.8022934
37.0870821 -76.4730122
25.9017472 -97.4974838
38.9822282 -94.6707917
34.3916641 -118.542586
41.8239891 -71.4128343
33.7739053 -117.9414477
35.0456297 -85.3096801
33.1958696 -117.3794834
32.2987573 -90.1848103
26.1224386 -80.1373174
38.4404290 -122.7140548
34.1063989 -117.5931084
27.2730492 -80.3582261
33.4255104 -111.9400054
34.0633443 -117.6508876
45.6387281 -122.6614861
26.5628537 -81.9495331
43.5445959 -96.7311034
37.2089572 -93.2922989
33.5805955 -112.2373779
26.0077650 -80.2962555
38.4087993 -121.3716178
44.9428975 -123.0350963
34.6867846 -118.1541632
33.8752935 -117.5664384
44.0520691 -123.0867536
34.5794343 -118.1164613
36.6777372 -121.6555013
42.1014831 -72.589811
29.6910625 -95.2091006
40.5852602 -105.084423
37.6688205 -122.0807964
34.0551030 -117.7499909
35.7915400 -78.7811169
42.2711311 -89.0939952
38.8048355 -77.0469214
33.1192068 -117.086421
33.1972465 -96.6397822
39.1140530 -94.6274636
41.5250310 -88.0817251
37.3688300 -122.0363496
33.8358492 -118.3406288
41.1865478 -73.1951767
39.7047095 -105.0813734
26.0112014 -80.1494901
40.9167654 -74.171811
41.7508391 -88.1535352
43.0481221 -76.1474244
32.7667955 -96.5991593
39.7589478 -84.1916069
32.0835407 -81.0998342
36.5297706 -87.3594528
33.7877944 -117.8531119
34.1477849 -118.1445155
33.8703596 -117.9242966
31.1171194 -97.7277959
33.1506744 -96.8236116
37.0298687 -76.3452218
26.2034071 -98.2300124
42.5144566 -83.0146526
47.6103770 -122.2006786
40.6916132 -112.0010501
34.0007104 -81.0348144
38.8813958 -94.8191285
42.5803122 -83.0302033
41.3082740 -72.9278835
25.9860762 -80.3035602
31.5493330 -97.1466695
34.1705609 -118.8375937
41.9778795 -91.6656232
32.7764749 -79.9310512
36.3302284 -119.2920585
39.0558235 -95.6890185
40.6639916 -74.2107006
29.6516344 -82.3248262
39.8680412 -104.9719243
38.7521235 -121.2880059
32.9756415 -96.8899636
26.2711920 -80.2706044
41.0534302 -73.5387341
34.2694474 -118.781482
37.9779776 -122.0310733
41.7637111 -72.6850932
47.3809335 -122.2348431
30.2240897 -92.0198427
31.9973456 -102.0779146
33.6292337 -112.3679279
33.2148412 -97.1330683
34.5362184 -117.2927641
37.9715592 -87.5710898
37.3541079 -121.9552356
32.4487364 -99.7331439
33.9519347 -83.357567
38.1040864 -122.2566367
40.6084305 -75.4901833
35.2225668 -97.4394777
30.0801740 -94.1265562
39.0911161 -94.4155068
35.8456213 -86.39027
42.2808256 -83.7430378
39.7817213 -89.6501481
37.8715926 -122.272747
40.6936488 -89.5889864
40.2338438 -111.6585337
34.0686206 -118.0275667
38.9517053 -92.3340724
42.7325350 -84.5555347
46.8771863 -96.7898034
33.9401088 -118.1331593
33.6411316 -117.9186689
34.2257255 -77.9447102
39.8027644 -105.0874842
33.9616801 -118.3531311
25.9420377 -80.2456045
33.1580933 -117.3505939
39.8366528 -105.0372046
44.0121221 -92.4801989
31.8456816 -102.3676431
42.9956397 -71.4547891
42.0354084 -88.2825668
40.6096698 -111.9391031
30.5082551 -97.678896
27.9658533 -82.8001026
41.5581525 -73.0514965
45.5001357 -122.4302013
38.2493581 -122.0399663
45.7832856 -108.5006904
42.6334247 -71.3161718
34.2746460 -119.2290316
38.2544472 -104.6091409
35.9556923 -80.0053176
34.0686208 -117.9389526
37.9357576 -122.3477486
33.5539143 -117.2139232
42.3736158 -71.1097335
38.0049214 -121.805789
33.4936391 -117.1483648
33.9022367 -118.081733
39.5807452 -104.8771726
47.9789848 -122.2020794
28.0344621 -80.5886646
33.9137085 -98.4933873
44.5191590 -88.019826
37.6879241 -122.4702079
34.1808392 -118.3089661
32.9483335 -96.7298519
26.2378597 -80.1247667
32.8546197 -79.9748103
36.0609490 -95.7974526
40.0149856 -105.2705456
26.7153424 -80.0533746
34.9530337 -120.4357191
32.7947731 -116.9625269
41.5236437 -90.5776367
34.1064001 -117.3703235
32.3199396 -106.7636538
37.5629917 -122.3255254
33.0462330 -96.994174
41.6763545 -86.2519898
28.0394654 -81.9498042
42.1292241 -80.085059
32.3512601 -95.3010624
29.5635666 -95.2860474
30.6279770 -96.3344068
