40.7127837 -74.0059413
34.0522342 -118.2436849
41.8781136 -87.6297982
29.7604267 -95.3698028
39.9525839 -75.1652215
33.4483771 -112.0740373
29.4241219 -98.4936282
32.7157380 -117.1610838
32.7766642 -96.7969879
37.3382082 -121.8863286
30.2671530 -97.7430608
39.7684030 -86.158068
30.3321838 -81.655651
37.7749295 -122.4194155
39.9611755 -82.9987942
35.2270869 -80.8431267
32.7554883 -97.3307658
42.3314270 -83.0457538
31.7775757 -106.4424559
35.1495343 -90.0489801
47.6062095 -122.3320708
39.7392358 -104.990251
38.9071923 -77.0368707
42.3600825 -71.0588801
36.1626638 -86.7816016
39.2903848 -76.6121893
35.4675602 -97.5164276
38.2526647 -85.7584557
45.5230622 -122.6764816
36.1699412 -115.1398296
43.0389025 -87.9064736
35.0853336 -106.6055534
32.2217429 -110.926479
36.7468422 -119.7725868
38.5815719 -121.4943996
33.7700504 -118.1937395
39.0997265 -94.5785667
33.4151843 -111.8314724
36.8529263 -75.977985
33.7489954 -84.3879824
38.8338816 -104.8213634
41.2523634 -95.9979883
35.7795897 -78.6381787
25.7616798 -80.1917902
37.8043637 -122.2711137
44.9777530 -93.2650108
36.1539816 -95.992775
41.4993201 -81.6943605
37.6888890 -97.336111
32.7356870 -97.1080656
29.9510658 -90.0715323
35.3732921 -119.0187125
27.9505750 -82.4571776
21.3069444 -157.8583333
39.7294319 -104.8319195
33.8352932 -117.9145036
33.7455731 -117.8678338
38.6270025 -90.1994042
33.9533487 -117.3961564
27.8005828 -97.396381
38.0405837 -84.5037164
40.4406248 -79.9958864
61.2180556 -149.9002778
37.9577016 -121.2907796
39.1031182 -84.5120196
44.9537029 -93.0899578
41.6639383 -83.555212
36.0726354 -79.7919754
40.7356570 -74.1723667
33.0198431 -96.6988856
36.0395247 -114.9817213
40.8257625 -96.6851982
42.8864468 -78.8783689
40.7281575 -74.0776417
32.6400541 -117.0841955
41.0792731 -85.1393513
28.5383355 -81.3792365
27.7730561 -82.64
33.3061605 -111.8412502
27.5305671 -99.4803241
36.8507689 -76.2858726
35.9940329 -78.898619
43.0730517 -89.4012302
33.5778631 -101.8551665
33.6839473 -117.7946942
36.0998596 -80.244216
33.5386523 -112.1859866
32.9126241 -96.6388833
25.8575963 -80.2781057
39.5296329 -119.8138027
36.7682088 -76.2874927
33.3528264 -111.789027
30.4582829 -91.1403196
32.8140177 -96.9488945
33.4941704 -111.9260519
36.1988592 -115.1175013
37.5482697 -121.9885719
43.6187102 -116.2146068
37.5407246 -77.4360481
34.1083449 -117.2897652
33.5206608 -86.80249
47.6587802 -117.4260466
43.1610301 -77.6109219
41.6005448 -93.6091064
37.6390972 -120.9968782
35.0526641 -78.8783585
47.2528768 -122.4442906
34.1975048 -119.1770516
34.0922335 -117.435048
32.4609764 -84.9877094
32.3668052 -86.2999689
33.9424658 -117.2296717
32.5251516 -93.7501789
