27.8428025	-82.6995443
42.7284117	-73.6917851
38.5804609	-121.530234
47.4703767	-122.3467918
39.8083196	-104.9338675
32.5093109	-92.1193012
33.8583483	-118.0647871
41.8089191	-88.0111746
25.72149	-80.2683838
35.7212689	-77.9155395
43.0962143	-79.0377388
32.9628232	-117.0358646
44.8896866	-93.3499489
41.1339449	-81.4845585
33.640855	-117.603104
40.2731911	-76.8867008
38.4192496	-82.445154
33.9172357	-118.0120086
33.8169599	-118.0372852
43.6629384	-116.6873596
41.7369803	-111.8338359
29.3013479	-94.7976958
43.7508284	-87.71453
39.5150576	-84.3982763
40.6668916	-111.8879909
33.3942655	-104.5230242
39.5186002	-104.7613633
32.844017	-97.1430671
42.7369792	-84.4838654
42.7262016	-71.1908924
34.0900091	-117.8903397
31.3112936	-92.4451371
47.0378741	-122.9006951
41.5931049	-81.5267873
41.6619927	-86.1586156
38.8402805	-97.6114237
34.1336186	-117.9075627
40.0581205	-82.4012642
38.6631083	-90.5770675
39.1156615	-77.5636015
33.9462125	-84.3346473
31.3271189	-89.2903392
42.4972583	-82.9371409
26.339806	-81.7786972
42.2011538	-85.5800022
44.9597376	-93.3702186
35.042036	-89.6645266
41.5623209	-72.6506488
36.1156071	-97.0583681
41.8137116	-71.3700545
39.8386516	-86.0252612
43.0494572	-88.0075875
41.6661573	-81.339552
37.5949316	-120.9577098
32.5884689	-96.9561152
40.75839	-82.5154471
42.0986867	-75.9179738
47.6776832	-116.7804664
35.2827524	-120.6596156
48.2329668	-101.2922906
33.8302961	-116.5452921
34.2284312	-92.0031955
29.383845	-94.9027002
33.0185039	-80.1756481
42.5629668	-114.4608711
38.2775702	-85.7371847
33.7839084	-116.958635
34.6992579	-86.7483318
40.5186809	-78.3947359
39.2014404	-85.9213796
39.7092262	-84.0632685
28.6934076	-81.5322149
41.8994744	-87.9403418
33.0581063	-112.0476423
36.7280583	-108.2186856
42.0697509	-87.7878408
41.5200518	-81.556235
40.5246711	-111.8638226
38.891565	-121.2930079
31.5455001	-110.2772856
47.0342629	-122.8231915
30.3960318	-88.8853078
41.3144966	-81.83569
41.7003208	-70.3002024
33.0151201	-96.5388789
40.4594021	-74.360846
35.4873613	-80.6217341
38.0293059	-78.4766781
39.613321	-105.0166498
28.6122187	-80.8075537
40.8859325	-74.0434736
37.5296593	-122.0402399
42.4500845	-73.2453824
39.9625984	-76.727745
41.8800296	-88.0078435
41.9445441	-71.2856082
41.9294736	-88.7503647
37.2295733	-80.4139393
40.0992294	-83.1140771
32.7995738	-97.2691817
34.6391501	-120.4579409
32.792	-115.5630514
37.8215929	-121.9999606
38.5767017	-92.1735164
25.5808323	-80.3468593
26.1723065	-80.1319893
25.9331488	-80.1625463
40.6576022	-73.5831835
41.5067003	-90.5151342
33.6803003	-116.173894
27.4467056	-80.3256056
35.9828412	-86.5186045
40.8893895	-111.880771
43.7730448	-88.4470508
42.40843	-71.0536625
36.5859718	-79.3950228
32.9341893	-97.229298
38.5200504	-89.9839935
33.9652918	-118.1514588
35.1595182	-84.8766115
26.217305	-80.2258811
39.3454673	-84.5603187
42.51954	-70.8967155
33.7444613	-118.3870173
37.6304904	-122.4110835
43.2081366	-71.5375718
44.4758825	-73.212072
35.732652	-78.8502856
43.6155825	-84.2472116
28.6611089	-81.3656242
38.0608445	-97.9297743
42.1662831	-87.9631308
41.6266555	-93.7121656
40.7933949	-77.8600012
40.1105875	-88.2072697
41.632223	-88.2120315
38.7509488	-77.4752667
41.9950276	-88.1856301
40.7684342	-74.1454214
32.3909071	-110.966488
41.04422	-83.6499321
38.3396367	-122.7010984
42.1250929	-72.749538
40.6220478	-74.2445902
33.9204354	-80.3414693
41.2459149	-75.8813075
42.0028761	-71.5147839
42.5250906	-71.759794
41.3164856	-73.0931641
33.9166805	-117.9000604
39.0836712	-84.5085536
32.9312336	-96.4597089
32.3643098	-88.703656
40.521893	-111.9391023
28.2489016	-81.2811801
39.9356016	-91.4098726
37.1305012	-121.6543901
41.2375569	-80.8184166
47.8106521	-122.3773552
32.5420821	-97.3208492
42.5584283	-70.880049
44.1635775	-93.9993996
39.6417629	-77.7199932
34.5400242	-112.4685025
37.2871651	-121.9499568
42.5348993	-92.4453161
33.9294606	-116.977248
34.0200114	-117.9495083
42.2411344	-88.3161965
42.5834228	-71.8022955
41.9125286	-88.1347927
35.7344538	-81.3444573
42.0255827	-88.1784085
41.5242649	-72.0759105
32.9545687	-97.0150078
34.0961111	-118.1058333
42.2042586	-72.6162009
36.3728538	-94.2088172
34.79981	-87.677251
33.9698929	-84.2214551
36.0331164	-86.7827772
45.6769979	-111.0429339
42.9764027	-88.1084224
32.9810059	-80.0325867
30.7235263	-95.5507771
34.6100243	-112.315721
44.9530215	-92.9952153
41.6475306	-88.0895061
32.6518004	-96.9083366
39.3642834	-74.4229266
34.4047987	-103.2052272
33.0806083	-96.8928309
34.0211224	-118.3964665
42.3459271	-71.5522874
32.216316	-80.752608
46.8737648	-96.7678039
32.6789476	-115.4988834
35.1359386	-114.5285981
35.0867577	-89.8100858
33.6633573	-116.3100095
39.7136754	-82.5993294
44.9591352	-89.6301221
33.6356618	-96.6088805
28.5691677	-81.5439619
44.7973962	-93.5272861
42.4792618	-71.1522765
47.5673202	-122.6329356
41.5094771	-90.5787476
35.7478769	-95.3696909
37.3058839	-89.5181476
38.9784453	-76.4921829
26.6276276	-80.1353896
29.2858129	-81.0558894
25.9812024	-80.148379
33.8025155	-117.9931165
47.1853785	-122.2928974
37.6138253	-122.4869194
41.9994722	-88.1450735
32.8234621	-97.1705678
40.742551	-84.1052256
32.436381	-111.2224422
42.1211364	-88.2578582
37.9974219	-121.7124536
39.843947	-84.1246608
32.5920798	-96.7561082
34.0775104	-117.6897776
42.1391927	-87.9289591
43.0605671	-88.1064787
42.0111412	-87.8406192
34.1954331	-79.7625625
41.1616108	-112.0263313
28.5652787	-81.5861847
42.3917638	-71.0328284
40.6642699	-73.7084645
34.9495672	-81.9320482
45.4206749	-122.6706498
29.5293998	-95.2010447
40.1261743	-82.9290696
39.8961821	-104.9811468
32.4709761	-85.0007653
39.8814519	-83.0929644
33.425125	-94.0476882
41.931696	-87.9889556
39.158168	-75.5243682
42.2505943	-83.1785361
41.6155909	-87.5294871
43.2341813	-86.2483921
25.9564812	-80.1392121
38.0193657	-122.1341321
42.9614039	-88.0125865
33.4150485	-111.5495777
34.1442616	-118.0019482
26.1595194	-97.9908366
44.9901194	-123.0262077
40.114955	-111.654923
42.5083482	-89.0317765
30.1588129	-85.6602058
